0	1.58007	0	-0.999883
0.00166704	1.58006	-0.00352757	-0.999887
0.00333374	1.58	-0.00705518	-0.999896
0.00499976	1.57991	-0.0105829	-0.999911
0.00668015	1.58087	-0.0141083	-0.999355
0.00834773	1.58071	-0.0176359	-0.99938
0.0100135	1.58051	-0.0211635	-0.999412
0.0116771	1.58027	-0.0246914	-0.999452
0.0133383	1.57999	-0.0282197	-0.999499
0.0150315	1.58077	-0.0317433	-0.998977
0.0166908	1.58042	-0.0352716	-0.999032
0.0183462	1.58002	-0.0388006	-0.999099
0.0200448	1.5807	-0.0423227	-0.998589
0.0216964	1.58024	-0.045852	-0.998664
0.0233436	1.57974	-0.0493821	-0.998745
0.0250435	1.58029	-0.0529037	-0.998261
0.0266844	1.57973	-0.0564344	-0.998354
0.0283859	1.58021	-0.0599564	-0.997877
0.0300887	1.58065	-0.0634773	-0.997407
0.0317195	1.57997	-0.0670091	-0.99752
0.0334211	1.58034	-0.07053	-0.997063
0.0350427	1.57959	-0.0740632	-0.997186
0.0367412	1.57989	-0.077584	-0.996743
0.0384404	1.58015	-0.0811045	-0.996302
0.0401387	1.58037	-0.0846251	-0.99587
0.0417408	1.57947	-0.0881609	-0.996017
0.0434339	1.57962	-0.091682	-0.995597
0.045126	1.57973	-0.0952032	-0.995181
0.0468165	1.57981	-0.0987241	-0.994771
0.0485045	1.57984	-0.102245	-0.99437
0.05019	1.57984	-0.105767	-0.993976
0.0518736	1.57981	-0.109289	-0.993584
0.0535541	1.57974	-0.112811	-0.993198
0.0552307	1.57962	-0.116334	-0.992823
0.0569039	1.57947	-0.119857	-0.99245
0.0585714	1.57928	-0.12338	-0.992089
0.0602367	1.57906	-0.126904	-0.991726
0.0618963	1.57881	-0.130427	-0.991371
0.0636972	1.57959	-0.133929	-0.990447
0.0653502	1.57926	-0.137453	-0.990104
0.0669975	1.5789	-0.140978	-0.989767
0.0686366	1.57848	-0.144504	-0.989444
0.0704317	1.57911	-0.148005	-0.988548
0.0720631	1.57863	-0.151532	-0.988228
0.0738566	1.5792	-0.155032	-0.98734
0.0754754	1.57863	-0.15856	-0.987039
0.0770874	1.57804	-0.162089	-0.986739
0.0788713	1.57849	-0.16559	-0.985874
0.0804694	1.57782	-0.16912	-0.985588
0.0822483	1.5782	-0.172622	-0.98473
0.0840233	1.57853	-0.176123	-0.983886
0.0856019	1.57775	-0.179656	-0.983614
0.0873703	1.57802	-0.183157	-0.982776
0.0891337	1.57823	-0.186659	-0.981951
0.0906884	1.57734	-0.190195	-0.981698
0.0924411	1.57748	-0.193698	-0.980886
0.0941924	1.57759	-0.197201	-0.980071
0.0959389	1.57767	-0.200704	-0.979265
0.09768	1.57769	-0.204208	-0.978467
0.0994147	1.57768	-0.207712	-0.977678
0.101147	1.57765	-0.211216	-0.976887
0.102871	1.57756	-0.214721	-0.976109
0.104591	1.57744	-0.218226	-0.975334
0.106303	1.57728	-0.221732	-0.974569
0.108009	1.57709	-0.225239	-0.973805
0.109706	1.57684	-0.22875	-0.973058
0.111398	1.57658	-0.232258	-0.972305
0.11308	1.57627	-0.235766	-0.971563
0.114753	1.57592	-0.239276	-0.970831
0.116685	1.57659	-0.242743	-0.969525
0.118345	1.57617	-0.246255	-0.9688
0.119995	1.57571	-0.249767	-0.968085
0.12164	1.57523	-0.253279	-0.967366
0.123548	1.57574	-0.256748	-0.966094
0.125172	1.57516	-0.260262	-0.965396
0.127073	1.5756	-0.263731	-0.964131
0.128679	1.57496	-0.267248	-0.963445
0.130568	1.57532	-0.270718	-0.962193
0.132152	1.57458	-0.274236	-0.961524
0.13403	1.57488	-0.277707	-0.96028
0.135592	1.57407	-0.281228	-0.959624
0.137455	1.57429	-0.2847	-0.958393
0.13931	1.57445	-0.288171	-0.957174
0.14116	1.57459	-0.291644	-0.955959
0.142677	1.57363	-0.29517	-0.95533
0.14451	1.57369	-0.298643	-0.954125
0.146331	1.57369	-0.302118	-0.952937
0.148147	1.57367	-0.305593	-0.951747
0.149956	1.57361	-0.309069	-0.950562
0.151755	1.5735	-0.312546	-0.949388
0.153544	1.57336	-0.316023	-0.948219
0.155322	1.57317	-0.319501	-0.947061
0.157091	1.57295	-0.32298	-0.945907
0.158852	1.5727	-0.32646	-0.944755
0.160602	1.5724	-0.329941	-0.943612
0.162335	1.57204	-0.333424	-0.942483
0.164063	1.57167	-0.336907	-0.941352
0.165777	1.57126	-0.340391	-0.940229
0.167853	1.57182	-0.343815	-0.938544
0.169547	1.57134	-0.3473	-0.937431
0.171226	1.5708	-0.350788	-0.93633
0.17328	1.57125	-0.354214	-0.93466
0.174931	1.57062	-0.357703	-0.933579
0.176968	1.571	-0.36113	-0.931923
0.178599	1.57031	-0.364622	-0.930845
0.180212	1.56957	-0.368116	-0.929778
0.182218	1.56983	-0.371544	-0.928144
0.184214	1.57003	-0.374974	-0.926518
0.185787	1.56918	-0.378472	-0.925471
0.187761	1.5693	-0.381903	-0.923857
0.189727	1.56938	-0.385334	-0.92225
0.191258	1.56842	-0.388837	-0.921219
0.193196	1.56842	-0.392271	-0.919629
0.195127	1.56839	-0.395705	-0.91804
0.197041	1.5683	-0.39914	-0.916465
0.198946	1.56818	-0.402576	-0.914894
0.200837	1.56801	-0.406013	-0.913331
0.202721	1.56782	-0.409452	-0.911768
0.204585	1.56757	-0.412892	-0.910221
0.206441	1.56729	-0.416333	-0.908673
0.208282	1.56697	-0.419774	-0.907133
0.210105	1.5666	-0.423217	-0.905605
0.211913	1.56619	-0.426662	-0.904083
0.213704	1.56574	-0.430108	-0.902569
0.215484	1.56525	-0.433555	-0.901059
0.217723	1.56571	-0.436925	-0.898986
0.219473	1.56514	-0.440375	-0.897489
0.221202	1.56453	-0.443826	-0.896004
0.223405	1.56485	-0.447199	-0.893952
0.225105	1.56416	-0.45066	-0.892479
0.227281	1.5644	-0.454035	-0.890442
0.228946	1.56362	-0.457492	-0.888982
0.231097	1.56378	-0.460868	-0.886958
0.232724	1.56292	-0.464329	-0.885516
0.234841	1.56298	-0.467709	-0.883512
0.23695	1.56302	-0.471087	-0.881508
0.238524	1.56204	-0.474553	-0.880084
0.240596	1.56198	-0.477935	-0.8781
0.242653	1.56187	-0.481318	-0.876125
0.244701	1.56174	-0.484701	-0.874148
0.246724	1.56155	-0.488086	-0.87219
0.248203	1.56037	-0.491562	-0.870797
0.25019	1.5601	-0.494951	-0.868852
0.252166	1.55978	-0.49834	-0.866908
0.25412	1.55943	-0.501732	-0.864975
0.256606	1.55996	-0.505032	-0.862484
0.258527	1.55952	-0.508425	-0.860566
0.260431	1.55903	-0.511822	-0.858653
0.262317	1.55851	-0.515219	-0.856744
0.264173	1.55793	-0.518618	-0.854855
0.266586	1.55825	-0.521923	-0.852398
0.268409	1.55759	-0.525327	-0.850517
0.270208	1.55688	-0.528732	-0.848645
0.272569	1.55707	-0.53204	-0.846211
0.274326	1.55627	-0.535449	-0.844355
0.276653	1.55637	-0.538758	-0.841935
0.278371	1.5555	-0.542171	-0.840089
0.280651	1.55549	-0.545484	-0.837696
0.282322	1.55454	-0.548903	-0.835866
0.284572	1.55445	-0.552219	-0.833477
0.286797	1.55431	-0.555537	-0.831102
0.289007	1.55413	-0.558857	-0.828732
0.290579	1.553	-0.562282	-0.826937
0.292747	1.55273	-0.565607	-0.82458
0.294889	1.55241	-0.568929	-0.822235
0.297009	1.55205	-0.572258	-0.819898
0.299108	1.55164	-0.575587	-0.817569
0.301188	1.55119	-0.578915	-0.815243
0.303242	1.5507	-0.582248	-0.81293
0.305908	1.55104	-0.585472	-0.810062
0.307915	1.55044	-0.588808	-0.807766
0.309902	1.54981	-0.592146	-0.805474
0.311857	1.54913	-0.595486	-0.803194
0.314444	1.54928	-0.598714	-0.800357
0.316352	1.54851	-0.60206	-0.798091
0.318229	1.54769	-0.605408	-0.795838
0.320751	1.5477	-0.608641	-0.793022
0.322575	1.54679	-0.611995	-0.790786
0.325042	1.5467	-0.615232	-0.787994
0.327494	1.54656	-0.61847	-0.785204
0.329236	1.54552	-0.621831	-0.782991
0.331635	1.54528	-0.625074	-0.780219
0.334001	1.54499	-0.628319	-0.777466
0.336352	1.54467	-0.631565	-0.77471
0.337975	1.54344	-0.634938	-0.772532
0.340269	1.54302	-0.638187	-0.769795
0.342525	1.54253	-0.641443	-0.767077
0.34477	1.54202	-0.644698	-0.764351
0.346972	1.54144	-0.647957	-0.761648
0.349861	1.54165	-0.651092	-0.758388
0.352015	1.54099	-0.654353	-0.755695
0.354136	1.54027	-0.657619	-0.753013
0.356223	1.5395	-0.660889	-0.750344
0.359006	1.5395	-0.66403	-0.74712
0.361036	1.53864	-0.667303	-0.744464
0.36303	1.53773	-0.670579	-0.74182
0.365726	1.53758	-0.673728	-0.738625
0.368398	1.53738	-0.676876	-0.735436
0.370296	1.53632	-0.680161	-0.732819
0.372899	1.53601	-0.683317	-0.729655
0.375482	1.53566	-0.686474	-0.726493
0.377274	1.53446	-0.68977	-0.723904
0.379788	1.534	-0.692931	-0.720764
0.382264	1.53349	-0.696095	-0.717638
0.384716	1.53293	-0.699262	-0.714514
0.387128	1.53232	-0.702431	-0.711404
0.389511	1.53165	-0.705603	-0.708301
0.391851	1.53093	-0.70878	-0.705213
0.394165	1.53017	-0.711957	-0.702128
0.397217	1.53012	-0.714995	-0.698499
0.399451	1.52924	-0.71818	-0.69544
0.401652	1.52832	-0.721368	-0.692387
0.4046	1.5281	-0.724413	-0.68879
0.406726	1.52708	-0.727607	-0.685756
0.409605	1.52675	-0.730658	-0.682178
0.411655	1.52563	-0.733859	-0.679162
0.414462	1.52519	-0.736915	-0.675604
0.417229	1.52469	-0.739974	-0.672059
0.419153	1.52342	-0.743186	-0.669075
0.421839	1.52281	-0.746252	-0.665552
0.424487	1.52215	-0.749322	-0.662038
0.427101	1.52144	-0.752392	-0.658531
0.429672	1.52067	-0.755467	-0.655036
0.432198	1.51985	-0.758545	-0.651554
0.435523	1.51969	-0.761465	-0.647523
0.437964	1.51875	-0.764552	-0.644063
0.440365	1.51776	-0.767641	-0.640611
0.443566	1.51742	-0.770572	-0.636614
0.445868	1.51631	-0.773671	-0.633189
0.44814	1.51517	-0.776772	-0.629764
0.451206	1.51465	-0.779713	-0.625806
0.454234	1.51407	-0.782657	-0.621855
0.456348	1.51275	-0.785773	-0.618475
0.459285	1.51206	-0.788723	-0.614546
0.462166	1.5113	-0.791681	-0.610635
0.465012	1.51049	-0.794639	-0.606727
0.467801	1.50962	-0.797604	-0.602838
0.470544	1.50869	-0.80057	-0.598958
0.473234	1.5077	-0.803543	-0.595091
0.476756	1.5073	-0.806346	-0.590687
0.47935	1.50619	-0.809324	-0.58684
0.481882	1.50502	-0.81231	-0.583013
0.485256	1.50444	-0.815125	-0.578644
0.487683	1.50315	-0.81812	-0.574839
0.490955	1.50244	-0.820941	-0.570494
0.494179	1.50167	-0.823765	-0.566159
0.496437	1.50021	-0.826774	-0.562391
0.499551	1.49931	-0.829606	-0.558082
0.502597	1.49835	-0.832447	-0.553794
0.505591	1.49732	-0.83529	-0.549515
0.508525	1.49623	-0.83814	-0.54525
0.511407	1.49508	-0.84099	-0.540996
0.515153	1.49446	-0.843662	-0.536206
0.517908	1.49318	-0.846525	-0.531982
0.521533	1.49242	-0.849204	-0.527223
0.524169	1.49102	-0.852075	-0.523024
0.527674	1.49013	-0.854764	-0.51829
0.530144	1.48858	-0.857669	-0.514126
0.53352	1.48755	-0.860369	-0.509422
0.536835	1.48646	-0.86307	-0.504733
0.540076	1.48529	-0.86578	-0.500061
0.543259	1.48407	-0.868492	-0.4954
0.546367	1.48278	-0.871212	-0.490756
0.550363	1.48195	-0.873738	-0.485585
0.553336	1.48053	-0.876467	-0.480969
0.556235	1.47904	-0.879205	-0.476366
0.560029	1.478	-0.881745	-0.471236
0.56375	1.47689	-0.884289	-0.466125
0.566426	1.4752	-0.887045	-0.461569
0.570005	1.47396	-0.889602	-0.456481
0.573493	1.47263	-0.892165	-0.451422
0.576909	1.47124	-0.894735	-0.446375
0.580247	1.46978	-0.89731	-0.441342
0.584494	1.46873	-0.89968	-0.435786
0.587679	1.46712	-0.902267	-0.430782
0.59177	1.46592	-0.904643	-0.42526
0.594775	1.46417	-0.90725	-0.420294
0.598699	1.46282	-0.909642	-0.414805
0.602528	1.46139	-0.912044	-0.409338
0.606277	1.45988	-0.914451	-0.403884
0.609943	1.4583	-0.916861	-0.398448
0.613514	1.45664	-0.91928	-0.393031
0.616992	1.45491	-0.92171	-0.38763
0.621387	1.45353	-0.923921	-0.381717
0.624679	1.45165	-0.926364	-0.376351
0.628884	1.45011	-0.928589	-0.370476
0.632993	1.44848	-0.930822	-0.364617
0.63701	1.44678	-0.933059	-0.358778
0.640929	1.445	-0.935304	-0.352956
0.644734	1.44313	-0.937561	-0.347156
0.648439	1.44119	-0.939823	-0.341375
0.653069	1.43955	-0.941859	-0.335087
0.656562	1.43746	-0.944138	-0.329345
0.66098	1.43564	-0.946188	-0.323096
0.665276	1.43374	-0.948251	-0.316871
0.669465	1.43176	-0.950319	-0.310667
0.673551	1.4297	-0.952391	-0.304479
0.678543	1.42788	-0.954237	-0.297794
0.682383	1.42565	-0.956332	-0.29165
0.687154	1.42365	-0.958186	-0.285006
0.690739	1.42126	-0.960307	-0.278905
0.695247	1.41909	-0.962184	-0.272312
0.700683	1.41712	-0.963816	-0.265224
0.704941	1.41477	-0.965711	-0.258672
0.709056	1.41234	-0.967619	-0.252148
0.71409	1.41009	-0.969281	-0.245131
0.718991	1.40775	-0.970952	-0.238138
0.723746	1.40532	-0.972633	-0.231172
0.728357	1.40279	-0.974326	-0.224231
0.732824	1.40018	-0.976028	-0.217316
0.738211	1.39771	-0.977478	-0.209909
0.743439	1.39514	-0.978938	-0.202535
0.748525	1.39247	-0.980405	-0.195181
0.753442	1.38971	-0.981887	-0.187857
0.758185	1.38685	-0.983385	-0.180568
0.763853	1.3841	-0.984615	-0.172792
0.768272	1.38106	-0.986134	-0.165555
0.773592	1.37811	-0.987392	-0.157836
0.779812	1.37522	-0.988381	-0.149648
0.784776	1.37207	-0.989663	-0.141994
0.790631	1.36896	-0.990674	-0.133867
0.795215	1.36562	-0.991989	-0.126269
0.801772	1.36245	-0.992737	-0.117711
0.807042	1.35903	-0.993794	-0.109682
0.813197	1.35564	-0.994569	-0.101189
0.819146	1.35213	-0.995358	-0.0927304
0.824887	1.34853	-0.996163	-0.0843031
0.8304	1.34481	-0.996986	-0.0759137
0.836783	1.34107	-0.997523	-0.0670668
0.84293	1.33721	-0.998077	-0.0582591
0.848857	1.33326	-0.998642	-0.0494852
0.855617	1.32924	-0.998923	-0.0402653
0.862132	1.3251	-0.999218	-0.0310876
0.8684	1.32085	-0.999528	-0.0219456
0.874399	1.3165	-0.999861	-0.0128446
0.881217	1.31204	-0.9999	-0.00330558
0.887769	1.30747	-0.999951	0.00619015
0.895122	1.30277	-0.999701	0.0161211
0.902182	1.29794	-0.999471	0.0260008
0.908928	1.29301	-0.999266	0.035836
0.91646	1.28791	-0.998751	0.0460941
0.923678	1.28268	-0.998254	0.0563019
0.930566	1.27734	-0.997783	0.0664646
0.938196	1.27181	-0.996998	0.0770376
0.946568	1.26606	-0.995892	0.0880215
0.954579	1.26017	-0.994807	0.0989468
0.962198	1.25416	-0.993754	0.109818
0.970522	1.24791	-0.992374	0.121087
0.97844	1.24152	-0.991023	0.132292
0.987034	1.23487	-0.989338	0.143891
0.995184	1.22808	-0.98769	0.155422
1.00397	1.221	-0.985708	0.167339
1.0123	1.21379	-0.983755	0.179186
1.02123	1.20627	-0.981462	0.191399
1.0307	1.19839	-0.978843	0.203984
1.03968	1.19039	-0.976245	0.216487
1.04917	1.18203	-0.973311	0.229345
1.05915	1.17328	-0.970035	0.242548
1.06961	1.16413	-0.966403	0.25609
1.07945	1.15483	-0.962809	0.26954
1.08971	1.14512	-0.958861	0.283315
1.10033	1.13498	-0.954567	0.297406
1.11129	1.12438	-0.949914	0.311807
1.12153	1.11367	-0.945301	0.326101
1.13306	1.10213	-0.939926	0.341093
1.14475	1.0901	-0.934201	0.356361
1.15666	1.07756	-0.928097	0.371897
1.16866	1.06449	-0.921628	0.387686
1.1807	1.05092	-0.914799	0.40373
1.19375	1.03635	-0.907162	0.420379
1.2067	1.02125	-0.899162	0.437242
1.21951	1.00559	-0.890793	0.454306
1.23304	0.988889	-0.881614	0.471917
1.24726	0.971092	-0.871597	0.490059
1.26192	0.952202	-0.860778	0.508682
1.2761	0.932727	-0.849571	0.527425
1.29148	0.911546	-0.837068	0.546939
1.30697	0.889193	-0.823724	0.566841
1.3233	0.865059	-0.809063	0.587415
1.33937	0.839763	-0.793564	0.608295
1.35588	0.812654	-0.776736	0.629735
1.37341	0.783008	-0.758071	0.651958
1.39077	0.751544	-0.738076	0.674591
1.4085	0.717546	-0.716232	0.697827
1.42692	0.680282	-0.692034	0.721811
1.44554	0.639754	-0.665475	0.74639
1.46453	0.595174	-0.636004	0.771624
1.48379	0.545814	-0.603119	0.797509
1.50236	0.491883	-0.566863	0.823791
1.52116	0.430802	-0.525572	0.85065
1.53913	0.362033	-0.478777	0.877774
1.5551	0.285023	-0.425957	0.904675
1.56887	0.195893	-0.36452	0.931126
1.57826	0.0927824	-0.292985	0.956106
1.58095	-0.0302922	-0.207306	0.97816
1.57133	-0.176976	-0.10442	0.994434
1.54039	-0.356758	0.0227273	0.999733
1.46877	-0.585858	0.186145	0.982495
1.31045	-0.885266	0.403426	0.914972
0.923397	-1.2841	0.705523	0.708661
-0.47162	-1.51033	0.987996	-0.154207
-0.212272	-0.994066	1.06652	-2.3943
0.417342	-0.918469	2.50197	-1.73982
0.68573	-0.736725	3.1035	-1.03662
0.827019	-0.571407	3.39755	-0.437783
0.907684	-0.430096	3.54159	0.0659811
0.955094	-0.309129	3.6025	0.495552
0.982302	-0.20498	3.6131	0.865484
0.996585	-0.114456	3.59186	1.18758
1.00227	-0.035075	3.5499	1.47066
1.00204	0.0351197	3.49414	1.72156
0.997705	0.097725	3.42923	1.94582
0.990448	0.153752	3.35827	2.14695
0.981094	0.20443	3.28322	2.32917
0.970283	0.250304	3.20591	2.49441
0.958426	0.292073	3.12723	2.64506
0.945829	0.330318	3.04795	2.78318
0.932761	0.365325	2.96881	2.90971
0.919372	0.39764	2.89004	3.0266
0.905812	0.427448	2.81202	3.13449
0.892192	0.455048	2.73501	3.23442
0.878579	0.480682	2.65915	3.32724
0.865022	0.504569	2.58447	3.41377
0.851608	0.526803	2.51122	3.4943
0.838328	0.547603	2.43927	3.56959
0.825217	0.567075	2.36873	3.64006
0.812318	0.585331	2.29965	3.70611
0.799635	0.60249	2.23194	3.76817
0.787145	0.618644	2.16559	3.82652
0.774918	0.633831	2.10076	3.88137
0.762914	0.64817	2.03731	3.93308
0.751133	0.661749	1.97514	3.98201
0.739595	0.67458	1.91432	4.02818
0.7283	0.686703	1.85483	4.07183
0.717221	0.698245	1.79652	4.1133
0.706386	0.709169	1.7395	4.15239
0.69576	0.719551	1.68368	4.18958
0.685385	0.729424	1.62907	4.22489
0.675206	0.738829	1.57552	4.25853
0.665264	0.747747	1.52316	4.29023
0.655509	0.756303	1.47178	4.32053
0.645974	0.764443	1.42152	4.34951
0.636626	0.772203	1.37227	4.37699
0.627471	0.779628	1.32399	4.4032
0.618537	0.786734	1.27666	4.42835
0.609752	0.793525	1.23024	4.45234
0.6012	0.800031	1.18484	4.47518
0.592764	0.806264	1.14018	4.49695
0.584553	0.812231	1.09648	4.51783
0.576491	0.817956	1.05359	4.53778
0.568566	0.82345	1.01146	4.55693
0.560826	0.828727	0.970137	4.57524
0.553278	0.833796	0.929631	4.59277
0.545806	0.838668	0.889782	4.60958
0.53851	0.843343	0.850701	4.62577
0.53137	0.847848	0.812298	4.64113
0.524387	0.852174	0.77459	4.65592
0.517604	0.856343	0.737625	4.67028
0.510835	0.860384	0.701136	4.68404
0.504214	0.864252	0.665373	4.69718
0.497729	0.867977	0.630205	4.70969
0.491359	0.871584	0.595611	4.72177
0.485114	0.875071	0.561618	4.73354
0.479	0.878407	0.528201	4.74472
0.472996	0.881654	0.495305	4.75553
0.467127	0.88478	0.462941	4.76587
0.461341	0.887786	0.431147	4.77597
0.455647	0.890723	0.39981	4.78559
0.450071	0.893531	0.368982	4.79477
0.444584	0.896278	0.33862	4.80376
0.439211	0.898904	0.308777	4.8123
0.433919	0.901474	0.27932	4.82069
0.428732	0.903943	0.250372	4.82871
0.423635	0.906335	0.221838	4.83648
0.418625	0.908658	0.193714	4.84405
0.413708	0.910891	0.166045	4.85099
0.408858	0.913081	0.138736	4.85802
0.404097	0.915186	0.111848	4.86484
0.399423	0.917218	0.0853558	4.87102
0.394818	0.919215	0.059218	4.87749
0.390291	0.921142	0.0334343	4.88336
0.385849	0.922989	0.00806002	4.88932
0.381474	0.924812	-0.0169828	4.89481
0.377167	0.926568	-0.0417165	4.90021
0.372936	0.928274	-0.0660732	4.90562
0.368774	0.929928	-0.0901086	4.91054
0.364685	0.931518	-0.113799	4.91527
0.360654	0.933088	-0.137204	4.92003
0.356683	0.934616	-0.160328	4.92478
0.352781	0.936098	-0.183132	4.92927
0.348938	0.937534	-0.205625	4.93349
0.345153	0.938928	-0.227833	4.93759
0.341429	0.940286	-0.249763	4.94157
0.337761	0.941603	-0.271424	4.94541
0.334152	0.942878	-0.292802	4.94911
0.330596	0.944125	-0.313918	4.95273
0.327096	0.945344	-0.334771	4.95628
0.323648	0.946525	-0.355386	4.9597
0.320252	0.947675	-0.375739	4.96289
0.316906	0.948793	-0.395872	4.96592
0.313609	0.949879	-0.415738	4.96894
0.31036	0.950946	-0.435405	4.97198
0.307159	0.951987	-0.454807	4.97495
0.304005	0.953005	-0.474016	4.97787
0.300899	0.953975	-0.492988	4.98025
0.297837	0.954938	-0.511729	4.98293
0.29482	0.95586	-0.530287	4.9855
0.291846	0.956779	-0.548614	4.98793
0.288915	0.957651	-0.566749	4.99013
0.286026	0.958506	-0.584682	4.99248
0.283178	0.959352	-0.6024	4.99462
0.280363	0.960185	-0.619962	4.9968
0.277592	0.960985	-0.637336	4.999
0.274831	0.961774	-0.654674	5.00083
0.272138	0.962532	-0.671686	5.00284
0.269481	0.963269	-0.688488	5.00464
0.266859	0.964003	-0.705122	5.00648
0.264271	0.96472	-0.721602	5.00841
0.26172	0.965407	-0.73792	5.00993
0.259205	0.966076	-0.754029	5.01173
0.256727	0.966721	-0.769983	5.01304
0.254269	0.967397	-0.785819	5.01494
0.251852	0.968032	-0.801512	5.01624
0.249472	0.968625	-0.816975	5.0177
0.247117	0.96923	-0.832328	5.01901
0.244793	0.969831	-0.847526	5.02044
0.242502	0.970394	-0.862583	5.0217
0.240245	0.970933	-0.877478	5.02278
0.238003	0.97152	-0.89233	5.02434
0.235803	0.972032	-0.906886	5.02529
0.233629	0.972551	-0.921391	5.02652
0.231474	0.973075	-0.935823	5.02762
0.229355	0.97358	-0.950021	5.02865
0.227263	0.974048	-0.96409	5.02976
0.225191	0.974558	-0.978136	5.03074
0.223152	0.975001	-0.99195	5.03159
0.221134	0.975462	-1.00566	5.03266
0.219141	0.975927	-1.01927	5.03351
0.21718	0.976332	-1.03274	5.03424
0.215231	0.976778	-1.04614	5.03528
0.213315	0.977191	-1.0594	5.03594
0.211417	0.97762	-1.07258	5.03683
0.209546	0.978008	-1.08561	5.03765
0.2077	0.978385	-1.09848	5.03817
0.20587	0.978783	-1.11135	5.03895
0.204068	0.979147	-1.12402	5.03972
0.202279	0.979549	-1.13668	5.04042
0.200521	0.979889	-1.14913	5.04089
0.198776	0.980253	-1.16157	5.0416
0.197059	0.980582	-1.17387	5.04221
0.195356	0.980932	-1.18606	5.04273
0.193678	0.981251	-1.19815	5.04319
0.192015	0.981585	-1.21016	5.04381
0.190376	0.981893	-1.22207	5.04434
0.188752	0.982214	-1.23391	5.04478
0.18715	0.98251	-1.24564	5.04516
0.185563	0.98282	-1.2573	5.04571
0.183998	0.983104	-1.26889	5.0462
0.182447	0.983407	-1.28036	5.04662
0.180919	0.983677	-1.2917	5.04687
0.179401	0.983975	-1.30305	5.04739
0.177909	0.98421	-1.31424	5.04762
0.176426	0.984488	-1.32538	5.04813
0.174967	0.98472	-1.33643	5.04825
0.173517	0.985001	-1.34743	5.04865
0.172087	0.985247	-1.35831	5.04894
0.170671	0.985505	-1.36918	5.04935
0.169271	0.985741	-1.37991	5.0497
0.167892	0.985954	-1.39054	5.0498
0.16652	0.986204	-1.40115	5.05009
0.165171	0.986412	-1.41167	5.05019
0.163828	0.986673	-1.42216	5.05068
0.162506	0.986862	-1.43255	5.05083
0.161197	0.987071	-1.44286	5.05102
0.1599	0.987307	-1.4531	5.05129
0.158622	0.987476	-1.46326	5.05124
0.157352	0.987694	-1.47336	5.05148
0.156097	0.987905	-1.4834	5.05173
0.154858	0.988088	-1.49339	5.05189
0.153629	0.988282	-1.50334	5.05217
0.152418	0.988455	-1.51316	5.05211
0.151214	0.98865	-1.52294	5.05229
0.150024	0.988835	-1.53271	5.0524
0.148851	0.988999	-1.54234	5.05239
0.147684	0.98918	-1.55196	5.05259
0.146532	0.98936	-1.56152	5.0528
0.145394	0.989528	-1.571	5.05292
0.144264	0.989681	-1.58044	5.05297
0.143148	0.989864	-1.58983	5.05306
0.142046	0.989983	-1.59911	5.05292
0.140949	0.99017	-1.60843	5.05311
0.139867	0.990314	-1.61762	5.05311
0.138798	0.990447	-1.62675	5.05306
0.137735	0.99062	-1.63588	5.0533
0.136685	0.990758	-1.64498	5.05339
0.13565	0.990902	-1.65395	5.05347
0.134619	0.991034	-1.66288	5.05336
0.133599	0.991204	-1.67178	5.05346
0.132597	0.991279	-1.68061	5.05316
0.131595	0.991462	-1.68942	5.05339
0.130606	0.991573	-1.69819	5.05332
0.129629	0.991715	-1.70688	5.05334
0.128662	0.99181	-1.71553	5.05325
0.127701	0.991962	-1.72415	5.05344
0.126752	0.992072	-1.73272	5.05346
0.125815	0.992164	-1.74126	5.05333
0.124881	0.992308	-1.74975	5.05339
0.123959	0.992421	-1.75818	5.05325
0.123048	0.992531	-1.76653	5.05314
0.122145	0.992624	-1.77486	5.05302
0.121247	0.992779	-1.78321	5.05319
0.120361	0.99286	-1.79149	5.05304
0.119487	0.992938	-1.79964	5.0528
0.118615	0.993067	-1.80783	5.0529
0.117753	0.993168	-1.816	5.05289
0.116899	0.993295	-1.82409	5.05301
0.116058	0.993338	-1.83216	5.05269
0.115219	0.993461	-1.84013	5.05288
0.114389	0.993574	-1.84812	5.05288
0.113569	0.993652	-1.85605	5.05265
0.112758	0.993746	-1.86395	5.05241
0.111951	0.993827	-1.87185	5.0523
0.111152	0.993926	-1.87972	5.05227
0.11036	0.994039	-1.88745	5.0523
0.109582	0.994063	-1.89522	5.05189
0.108804	0.994168	-1.9029	5.05194
0.108033	0.994286	-1.91059	5.052
0.107272	0.994353	-1.91828	5.05187
0.106519	0.99442	-1.92586	5.0517
0.105772	0.994501	-1.93348	5.05162
0.10503	0.99458	-1.94111	5.0516
0.104295	0.99467	-1.94862	5.05163
0.103568	0.99476	-1.95605	5.05168
0.102851	0.994775	-1.96345	5.05129
0.102135	0.994868	-1.97086	5.0513
0.101425	0.994982	-1.97828	5.05124
0.100725	0.995037	-1.98563	5.05102
0.10003	0.995092	-1.99293	5.05078
0.099344	0.995166	-2.00021	5.05057
0.0986603	0.995229	-2.00746	5.05046
0.0979832	0.995297	-2.01469	5.05038
0.0973122	0.995379	-2.0219	5.05035
0.0966483	0.995446	-2.02907	5.05023
0.0959934	0.995458	-2.03621	5.04984
0.0953392	0.995534	-2.04333	5.04981
0.0946905	0.995651	-2.05043	5.04993
0.0940498	0.995691	-2.05749	5.04975
0.093415	0.99573	-2.06453	5.04954
0.0927887	0.99575	-2.07154	5.04918
0.0921622	0.995853	-2.07853	5.04932
0.0915425	0.995904	-2.0855	5.04922
0.0909288	0.995958	-2.09245	5.04914
0.0903205	0.996021	-2.09938	5.0491
0.089719	0.996084	-2.10629	5.04903
0.0891234	0.996095	-2.11318	5.0487
0.0885299	0.99615	-2.12	5.04864
0.0879413	0.99622	-2.12673	5.04853
0.0873583	0.996312	-2.13345	5.04844
0.0867816	0.996338	-2.14017	5.04817
0.0862115	0.996348	-2.14689	5.04781
0.0856448	0.996386	-2.15362	5.04756
0.0850806	0.996493	-2.16035	5.04757
0.0845223	0.996527	-2.16707	5.04736
0.0839688	0.996566	-2.17371	5.04719
0.0834206	0.996605	-2.18022	5.04701
0.0828782	0.996644	-2.18676	5.04681
0.0823407	0.99669	-2.19333	5.04662
0.0818055	0.99673	-2.19993	5.0465
0.081274	0.996774	-2.20654	5.04639
0.0807478	0.996819	-2.21298	5.04629
0.0802263	0.996885	-2.21937	5.04627
0.0797098	0.996931	-2.22583	5.04612
0.079201	0.996903	-2.23232	5.0456
0.0786913	0.996952	-2.23884	5.04553
0.0781861	0.997005	-2.2451	5.04548
0.0776852	0.997077	-2.25143	5.04551
0.0771884	0.997136	-2.25783	5.04548
0.076697	0.997154	-2.26427	5.04527
0.0762101	0.997168	-2.27049	5.04501
0.0757296	0.997152	-2.27671	5.04455
0.0752486	0.997214	-2.28304	5.04459
0.0747713	0.997303	-2.28943	5.04475
0.0742986	0.99733	-2.29551	5.04462
0.0738302	0.997358	-2.30171	5.04449
0.0733658	0.997386	-2.308	5.04436
0.0729054	0.997416	-2.31417	5.04424
0.0724498	0.997453	-2.32024	5.04408
0.071998	0.997473	-2.32644	5.0438
0.0715475	0.997501	-2.33267	5.04365
0.0711008	0.99753	-2.33862	5.0435
0.070658	0.997562	-2.34475	5.04336
0.0702188	0.997604	-2.35098	5.04323
0.0697831	0.997665	-2.35684	5.04311
0.0693515	0.997703	-2.36292	5.04293
0.0689244	0.997691	-2.36907	5.04258
0.0685013	0.997682	-2.37489	5.04224
0.0680787	0.997717	-2.38095	5.04211
0.0676597	0.997757	-2.38698	5.04199
0.0672439	0.997809	-2.39282	5.04189
0.0668312	0.99788	-2.39886	5.04184
0.0664229	0.997889	-2.40473	5.04163
0.0660177	0.997897	-2.41061	5.04139
0.0656165	0.997899	-2.41665	5.04112
0.0652205	0.997868	-2.42235	5.04067
0.0648236	0.997909	-2.42828	5.04058
0.0644297	0.99797	-2.43414	5.04053
0.0640386	0.998045	-2.43991	5.04061
0.0636517	0.99806	-2.44588	5.04046
0.0632676	0.998076	-2.45152	5.0403
0.0628868	0.998091	-2.45739	5.04013
0.0625092	0.998107	-2.46313	5.03995
0.0621344	0.998121	-2.46887	5.03976
0.0617639	0.998124	-2.47472	5.03946
0.0613949	0.998182	-2.48032	5.03943
0.0610278	0.998198	-2.48619	5.03931
0.0606637	0.998214	-2.49174	5.03918
0.0603024	0.998231	-2.49753	5.03906
0.059944	0.998249	-2.50312	5.03894
0.0595882	0.998269	-2.50883	5.03882
0.0592352	0.998295	-2.51447	5.03872
0.0588851	0.998329	-2.52009	5.03864
0.0585379	0.998397	-2.52577	5.03867
0.0581944	0.998371	-2.53131	5.03828
0.0578537	0.998347	-2.53701	5.0379
0.0575135	0.998369	-2.54248	5.0378
0.0571758	0.998391	-2.54821	5.03771
0.0568408	0.998414	-2.55361	5.03763
0.056508	0.998441	-2.55934	5.03756
0.0561782	0.998471	-2.5647	5.0375
0.0558505	0.998514	-2.57042	5.03749
0.0555254	0.998569	-2.57574	5.03754
0.0552034	0.998566	-2.58142	5.03731
0.0548842	0.998558	-2.58673	5.03704
0.0545677	0.998539	-2.59235	5.03667
0.0542541	0.998515	-2.59767	5.03629
0.0539405	0.998539	-2.60323	5.03624
0.0536292	0.998563	-2.60858	5.03618
0.0533203	0.99859	-2.61407	5.03614
0.0530136	0.998625	-2.61945	5.03616
0.0527089	0.998717	-2.62487	5.03646
0.052407	0.998722	-2.63029	5.0363
0.0521076	0.998725	-2.63563	5.03613
0.0518104	0.998728	-2.64109	5.03596
0.0515154	0.998728	-2.64635	5.03576
0.051223	0.998724	-2.65186	5.03553
0.050933	0.998709	-2.65705	5.03522
0.0506461	0.998677	-2.66254	5.03476
0.0503586	0.998712	-2.66773	5.03479
0.0500734	0.998749	-2.67309	5.03482
0.04979	0.998803	-2.67839	5.03481
0.0495089	0.998853	-2.68364	5.03479
0.0492299	0.99886	-2.68904	5.03465
0.0489532	0.998866	-2.69419	5.0345
0.0486784	0.998872	-2.69963	5.03436
0.0484058	0.998877	-2.70474	5.0342
0.0481351	0.998882	-2.71001	5.03404
0.0478663	0.998887	-2.71528	5.03387
0.0475999	0.998889	-2.72042	5.03368
0.0473352	0.998889	-2.72582	5.03347
0.047074	0.998862	-2.73086	5.0331
0.0468126	0.998888	-2.73611	5.03299
0.0465523	0.998956	-2.74132	5.03307
0.0462942	0.998962	-2.74642	5.03295
0.046038	0.998969	-2.75179	5.03283
0.0457837	0.998975	-2.75678	5.03271
0.0455312	0.998982	-2.76196	5.03259
0.0452804	0.99899	-2.76717	5.03247
0.0450315	0.999001	-2.7722	5.03234
0.0447844	0.999012	-2.77747	5.03221
0.0445391	0.999023	-2.7825	5.03208
0.0442954	0.999036	-2.78758	5.03195
0.0440537	0.999049	-2.79284	5.03181
0.0438137	0.999065	-2.79778	5.03166
0.0435753	0.999088	-2.80289	5.03154
0.0433392	0.999106	-2.80805	5.03133
0.0431049	0.999076	-2.813	5.03102
0.0428708	0.999085	-2.81815	5.03092
0.0426384	0.999094	-2.82321	5.03083
0.0424074	0.999103	-2.82817	5.03073
0.0421782	0.999113	-2.83334	5.03062
0.0419504	0.999124	-2.83831	5.03052
0.0417244	0.999135	-2.84327	5.03041
0.0414997	0.999147	-2.84846	5.03031
0.0412768	0.999159	-2.85335	5.0302
0.0410553	0.999173	-2.85831	5.0301
0.0408353	0.999189	-2.86349	5.03
0.0406169	0.999208	-2.86834	5.0299
0.0404	0.999234	-2.87327	5.02981
0.0401844	0.999298	-2.87843	5.02981
0.0399708	0.999286	-2.88326	5.02961
0.0397588	0.999269	-2.88817	5.02938
0.0395488	0.999237	-2.89328	5.02908
0.0393405	0.999192	-2.89813	5.02873
0.0391319	0.999202	-2.903	5.02864
0.0389246	0.999213	-2.90805	5.02855
0.0387188	0.999224	-2.91295	5.02847
0.0385144	0.999236	-2.91778	5.02838
0.0383113	0.999247	-2.92276	5.02829
0.0381096	0.999261	-2.92772	5.02821
0.0379093	0.999272	-2.93251	5.02812
0.0377103	0.999285	-2.93742	5.02803
0.0375127	0.999299	-2.94244	5.02795
0.0373163	0.999315	-2.94718	5.02787
0.0371212	0.999337	-2.95203	5.02781
0.0369273	0.999379	-2.95706	5.02779
0.0367347	0.999429	-2.96182	5.02776
0.0365439	0.99942	-2.96661	5.02761
0.0363541	0.99941	-2.97153	5.02744
0.0361659	0.999397	-2.97643	5.02726
0.0359787	0.99938	-2.98115	5.02708
0.0357932	0.999356	-2.98597	5.02685
0.0356093	0.999324	-2.99097	5.02656
0.0354266	0.999293	-2.99566	5.02625
0.0352438	0.999302	-3.0004	5.02618
0.0350621	0.999312	-3.00527	5.02612
0.0348816	0.999322	-3.01016	5.02605
0.0347022	0.999333	-3.01484	5.02598
0.0345241	0.999348	-3.0196	5.02592
0.0343471	0.999368	-3.02451	5.02585
0.0341714	0.99939	-3.02926	5.02579
0.0339967	0.999414	-3.03394	5.02573
0.033823	0.999443	-3.03871	5.02568
0.0336506	0.999474	-3.04365	5.02565
0.0334792	0.99952	-3.04829	5.02566
0.0333089	0.999563	-3.05297	5.02574
0.0331399	0.999559	-3.05774	5.0256
0.032972	0.999554	-3.06265	5.02547
0.0328052	0.99955	-3.06725	5.02533
0.0326396	0.999544	-3.07191	5.02518
0.0324749	0.999538	-3.07667	5.02504
0.0323114	0.99953	-3.08155	5.02488
0.032149	0.99952	-3.08613	5.02472
0.0319877	0.999508	-3.09077	5.02455
0.0318275	0.999492	-3.09551	5.02436
0.0316684	0.999466	-3.10038	5.02411
0.0315114	0.999404	-3.10493	5.0237
0.0313536	0.999419	-3.10955	5.02364
0.0311966	0.999434	-3.11426	5.0236
0.0310407	0.999448	-3.1191	5.02355
0.0308858	0.999462	-3.12368	5.02351
0.0307319	0.999478	-3.12827	5.02346
0.0305789	0.999495	-3.13293	5.02342
0.030427	0.999514	-3.13771	5.02338
0.0302758	0.999536	-3.14236	5.02335
0.0301257	0.999563	-3.14692	5.02336
0.0299763	0.9996	-3.15154	5.02344
0.0298279	0.999668	-3.15624	5.02365
0.0296806	0.999666	-3.16099	5.02355
0.0295343	0.999664	-3.16551	5.02345
0.029389	0.999662	-3.17008	5.02334
0.0292445	0.99966	-3.17472	5.02323
0.0291009	0.999657	-3.17948	5.02312
0.0289582	0.999654	-3.18405	5.02301
0.0288165	0.999652	-3.18857	5.02289
0.0286756	0.999648	-3.19315	5.02277
0.0285356	0.999644	-3.1978	5.02263
0.0283966	0.999639	-3.20255	5.02249
0.0282583	0.999632	-3.20702	5.02235
0.0281209	0.999625	-3.21154	5.0222
0.0279844	0.999616	-3.21612	5.02204
0.0278488	0.999605	-3.22078	5.02186
0.0277141	0.99959	-3.22544	5.02164
0.0275805	0.999567	-3.22991	5.02138
0.0274486	0.999502	-3.23441	5.02094
0.0273158	0.999516	-3.23898	5.02089
0.0271838	0.99953	-3.24363	5.02086
0.0270525	0.999545	-3.24826	5.02083
0.026922	0.999561	-3.25271	5.02079
0.0267924	0.999579	-3.2572	5.02076
0.0266636	0.999598	-3.26175	5.02076
0.0265354	0.999621	-3.26637	5.02078
0.026408	0.999641	-3.27099	5.02084
0.0262814	0.999668	-3.27543	5.02094
0.0261552	0.999726	-3.2799	5.02125
0.0260303	0.999725	-3.28441	5.02117
0.0259061	0.999724	-3.289	5.02109
0.0257826	0.999723	-3.29366	5.02101
0.0256599	0.999721	-3.29806	5.02093
0.0255378	0.99972	-3.3025	5.02084
0.0254166	0.999718	-3.30699	5.02076
0.0252961	0.999717	-3.31153	5.02067
0.0251763	0.999715	-3.31617	5.02057
0.0250572	0.999714	-3.32063	5.02048
0.0249388	0.999712	-3.32504	5.02038
0.0248212	0.99971	-3.32948	5.02028
0.0247042	0.999707	-3.33397	5.02019
0.0245879	0.999705	-3.33853	5.02009
0.0244723	0.999702	-3.34313	5.01999
0.0243573	0.9997	-3.34751	5.01989
0.0242432	0.999696	-3.35191	5.01978
0.0241296	0.999693	-3.35635	5.01966
0.0240169	0.999689	-3.36084	5.01954
0.0239047	0.999684	-3.3654	5.01941
0.0237932	0.999679	-3.36992	5.01928
0.0236823	0.999672	-3.37428	5.01914
0.0235722	0.999664	-3.37868	5.01897
0.0234628	0.999653	-3.3831	5.01878
0.0233543	0.999636	-3.38758	5.01851
0.0232472	0.999584	-3.39212	5.01797
0.0231391	0.999594	-3.39662	5.01796
0.0230317	0.999605	-3.40096	5.01795
0.0229251	0.999617	-3.40534	5.01794
0.0228189	0.999631	-3.40974	5.01795
0.0227134	0.999645	-3.4142	5.01799
0.0226084	0.999662	-3.41871	5.01804
0.022504	0.999683	-3.42322	5.01811
0.0224002	0.999737	-3.42755	5.01823
0.0222968	0.999848	-3.4319	5.01867
0.0221944	0.999848	-3.43628	5.01862
0.0220925	0.999848	-3.4407	5.01856
0.0219912	0.999847	-3.44517	5.0185
0.0218905	0.999846	-3.44973	5.01845
0.0217903	0.999846	-3.45406	5.01839
0.0216908	0.999846	-3.45838	5.01833
0.0215918	0.999845	-3.46273	5.01827
0.0214934	0.999844	-3.46711	5.0182
0.0213955	0.999844	-3.47153	5.01813
0.0212982	0.999843	-3.47601	5.01807
0.0212014	0.999842	-3.48048	5.01801
0.0211051	0.999841	-3.48478	5.01795
0.0210095	0.999841	-3.48909	5.01789
0.0209143	0.99984	-3.49343	5.01782
0.0208198	0.999839	-3.4978	5.01774
0.0207258	0.999837	-3.50221	5.01767
0.0206322	0.999837	-3.50668	5.01761
0.0205392	0.999835	-3.51111	5.01753
0.0204468	0.999834	-3.51539	5.01745
0.0203549	0.999832	-3.51969	5.01736
0.0202634	0.999831	-3.52401	5.01729
0.0201725	0.999829	-3.52836	5.01722
0.020082	0.999827	-3.53275	5.01714
0.0199922	0.999825	-3.53719	5.01705
0.0199029	0.999823	-3.54164	5.01695
0.0198141	0.99982	-3.5459	5.01685
0.0197257	0.999817	-3.55018	5.01675
0.0196379	0.999814	-3.55448	5.01663
0.0195505	0.99981	-3.5588	5.01652
0.0194636	0.999806	-3.56315	5.01643
0.0193772	0.9998	-3.56755	5.01631
0.0192913	0.999794	-3.572	5.01617
0.0192059	0.999786	-3.57631	5.01602
0.019121	0.999776	-3.58057	5.01584
0.0190368	0.999757	-3.58484	5.01561
0.018953	0.999727	-3.58913	5.01533
0.0188703	0.999646	-3.59344	5.01482
0.0187872	0.999644	-3.59778	5.01471
0.0187043	0.999671	-3.60217	5.01471
0.0186219	0.999701	-3.60662	5.01472
0.0185398	0.999734	-3.61087	5.01482
0.0184582	0.999769	-3.61511	5.01494
0.018377	0.999799	-3.61937	5.0151
0.0182962	0.99984	-3.62364	5.01534
0.0182158	0.999913	-3.62794	5.0158
0.018136	0.999913	-3.63227	5.01575
0.0180567	0.999913	-3.63663	5.01572
0.0179778	0.999912	-3.64106	5.01568
0.0178994	0.999912	-3.64532	5.01564
0.0178213	0.999912	-3.64954	5.0156
0.0177437	0.999912	-3.65378	5.01556
0.0176665	0.999912	-3.65803	5.01552
0.0175897	0.999912	-3.6623	5.01548
0.0175134	0.999912	-3.6666	5.01544
0.0174374	0.999911	-3.67093	5.0154
0.0173619	0.999911	-3.6753	5.01535
0.0172867	0.999911	-3.67966	5.01531
0.017212	0.99991	-3.68386	5.01526
0.0171376	0.99991	-3.68807	5.01522
0.0170637	0.99991	-3.6923	5.01517
0.0169902	0.99991	-3.69654	5.01513
0.0169171	0.99991	-3.7008	5.01508
0.0168443	0.999909	-3.70509	5.01503
0.016772	0.999909	-3.70941	5.01498
0.0167	0.999909	-3.71377	5.01494
0.0166284	0.999908	-3.71808	5.01489
0.0165571	0.999908	-3.72227	5.01485
0.0164863	0.999907	-3.72647	5.01479
0.0164159	0.999907	-3.73068	5.01474
0.0163458	0.999907	-3.73491	5.01469
0.0162761	0.999906	-3.73915	5.01464
0.0162067	0.999905	-3.74341	5.01459
0.0161377	0.999905	-3.7477	5.01454
0.0160691	0.999904	-3.75203	5.01449
0.0160009	0.999904	-3.75639	5.01444
0.0159329	0.999903	-3.76056	5.0144
0.0158655	0.999902	-3.76474	5.01435
0.0157982	0.999902	-3.76893	5.0143
0.0157314	0.999901	-3.77313	5.01425
0.0156649	0.9999	-3.77735	5.0142
0.0155988	0.999899	-3.78158	5.01415
0.015533	0.999898	-3.78584	5.01409
0.0154675	0.999898	-3.79012	5.01403
0.0154024	0.999898	-3.79443	5.01398
0.0153377	0.999897	-3.79875	5.01391
0.0152733	0.999896	-3.8029	5.01384
0.0152093	0.999896	-3.80707	5.01378
0.0151455	0.999895	-3.81124	5.01372
0.0150821	0.999894	-3.81543	5.01366
0.015019	0.999892	-3.81963	5.01359
0.0149562	0.999891	-3.82384	5.01353
0.0148938	0.999889	-3.82807	5.01347
0.0148317	0.999887	-3.83233	5.0134
0.0147699	0.999885	-3.83661	5.01332
0.0147084	0.999882	-3.84093	5.01323
0.0146473	0.999878	-3.84511	5.01313
0.0145866	0.999873	-3.84926	5.013
0.0145262	0.999867	-3.85342	5.01286
0.0144661	0.99986	-3.85758	5.01271
0.0144063	0.99985	-3.86176	5.01254
0.0143469	0.999835	-3.86594	5.01231
0.0142881	0.999806	-3.87014	5.01192
0.0142296	0.999762	-3.87436	5.01143
0.0141707	0.999783	-3.8786	5.01153
0.0141121	0.999805	-3.88287	5.01164
0.0140539	0.999831	-3.88717	5.01178
0.0139959	0.999862	-3.89133	5.01195
0.0139382	0.999905	-3.89547	5.01219
0.0138807	0.999981	-3.89961	5.01274
0.0138236	0.999981	-3.90376	5.01272
0.0137668	0.999981	-3.90791	5.01271
0.0137104	0.999981	-3.91208	5.01269
0.0136542	0.999981	-3.91626	5.01268
0.0135984	0.999981	-3.92046	5.01265
0.0135427	0.999981	-3.92467	5.01264
0.0134874	0.999981	-3.92891	5.01262
